queryno   Rank  Doc            score R        Precision           Recall             NDCG
query->1     1 3127        1.1755296 1              1.0              0.2              1.0
query->1     2 1461       0.50642985 0              0.5              0.2              0.5
query->1     3 3068       0.40902123 0   0.333333333333              0.2   0.380093766716
query->1     4 2246        0.3299833 1              0.5              0.4    0.47909091486
query->1     5 2111        0.3230007 0              0.4              0.4   0.421158283299
query->1     6 2069       0.31651866 0   0.333333333333              0.4   0.421158283299
query->1     7 2319       0.30766326 0   0.285714285714              0.4   0.421158283299
query->1     8 2740       0.30766326 0             0.25              0.4   0.421158283299
query->1     9 1462       0.28890023 0   0.222222222222              0.4   0.421158283299
query->1    10 1728       0.28890023 0              0.2              0.4   0.421158283299
query->1    11 2597       0.28045723 0   0.181818181818              0.4   0.421158283299
query->1    12 2629       0.28045723 1             0.25              0.6   0.499477704718
query->1    13 1750        0.2741132 0   0.230769230769              0.6   0.499477704718
query->1    14 2372       0.26916727 0   0.214285714286              0.6   0.499477704718
query->1    15 1247       0.26857498 0              0.2              0.6   0.499477704718
query->1    16 2080       0.26857498 1             0.25              0.8   0.569670751935
query->1    17 2482       0.26857498 0   0.235294117647              0.8   0.569670751935
query->1    18 2867       0.26857498 0   0.222222222222              0.8   0.569670751935
query->1    19 2379       0.26133278 0   0.210526315789              0.8   0.569670751935
query->1    20 1923       0.25321493 0              0.2              0.8   0.569670751935
query->1    21 1680       0.24681911 0   0.190476190476              0.8   0.569670751935
query->1    22 2840       0.24135262 0   0.181818181818              0.8   0.569670751935
query->1    23 3025       0.24135262 0   0.173913043478              0.8   0.569670751935
query->1    24 2621       0.23838985 0   0.166666666667              0.8   0.569670751935
query->1    25 2378       0.23371433 0             0.16              0.8   0.569670751935
query->1    26 2541       0.23371433 0   0.153846153846              0.8   0.569670751935
query->1    27 2632       0.23371433 0   0.148148148148              0.8   0.569670751935
query->1    28 1747       0.23342077 0   0.142857142857              0.8   0.569670751935
query->1    29 2317       0.23112017 0   0.137931034483              0.8   0.569670751935
query->1    30 2424       0.22735322 0   0.133333333333              0.8   0.569670751935
query->1    31 2138       0.22647284 0   0.129032258065              0.8   0.569670751935
query->1    32 2151       0.22647284 0            0.125              0.8   0.569670751935
query->1    33 1751        0.2238125 0   0.121212121212              0.8   0.569670751935
query->1    34 2320        0.2238125 0   0.117647058824              0.8   0.569670751935
query->1    35 2950        0.2238125 0   0.114285714286              0.8   0.569670751935
query->1    36 3196       0.22226858 0   0.111111111111              0.8   0.569670751935
query->1    37 3174       0.22156307 0   0.108108108108              0.8   0.569670751935
query->1    38 1930       0.21998885 0   0.105263157895              0.8   0.569670751935
query->1    39 1226       0.21734169 0   0.102564102564              0.8   0.569670751935
query->1    40 3141       0.21734169 0              0.1              0.8   0.569670751935
query->1    41 1324       0.21344522 0  0.0975609756098              0.8   0.569670751935
query->1    42 1951       0.21344522 0  0.0952380952381              0.8   0.569670751935
query->1    43 2522       0.21344522 0   0.093023255814              0.8   0.569670751935
query->1    44 1236       0.20095375 0  0.0909090909091              0.8   0.569670751935
query->1    45 1752       0.20095375 0  0.0888888888889              0.8   0.569670751935
query->1    46 2777       0.20095375 0  0.0869565217391              0.8   0.569670751935
query->1    47 0322        0.1986582 0  0.0851063829787              0.8   0.569670751935
query->1    48 2624        0.1986582 0  0.0833333333333              0.8   0.569670751935
query->1    49 3026        0.1986582 0  0.0816326530612              0.8   0.569670751935
query->1    50 2358        0.1930821 0             0.08              0.8   0.569670751935
query->1    51 2374       0.18991122 0   0.078431372549              0.8   0.569670751935
query->1    52 3137       0.18991122 0  0.0769230769231              0.8   0.569670751935
query->1    53 2036       0.18111807 0  0.0754716981132              0.8   0.569670751935
query->1    54 3028       0.18111807 0  0.0740740740741              0.8   0.569670751935
query->1    55 2184         0.160763 0  0.0727272727273              0.8   0.569670751935
query->1    56 2297         0.160763 0  0.0714285714286              0.8   0.569670751935
query->1    57 2622         0.160763 0  0.0701754385965              0.8   0.569670751935
query->1    58 1892       0.15892656 0  0.0689655172414              0.8   0.569670751935
query->1    59 2625       0.15892656 0  0.0677966101695              0.8   0.569670751935
query->1    60 0696       0.15825933 0  0.0666666666667              0.8   0.569670751935
query->1    61 1647       0.15825933 0  0.0655737704918              0.8   0.569670751935
query->1    62 2095       0.15825933 0  0.0645161290323              0.8   0.569670751935
query->1    63 2582       0.15825933 0  0.0634920634921              0.8   0.569670751935
query->1    64 2972       0.15825933 0           0.0625              0.8   0.569670751935
query->1    65 3006       0.15825933 0  0.0615384615385              0.8   0.569670751935
query->1    66 3050       0.15825933 0  0.0606060606061              0.8   0.569670751935
query->1    67 3105       0.15825933 0  0.0597014925373              0.8   0.569670751935
query->1    68 1069       0.14430283 0  0.0588235294118              0.8   0.569670751935
query->1    69 1755       0.14430283 0  0.0579710144928              0.8   0.569670751935
query->1    70 2796       0.14430283 0  0.0571428571429              0.8   0.569670751935
query->1    71 1517       0.12660746 0   0.056338028169              0.8   0.569670751935
query->1    72 1810       0.12660746 0  0.0555555555556              0.8   0.569670751935
query->1    73 1854       0.12660746 0  0.0547945205479              0.8   0.569670751935
query->1    74 1877       0.12660746 0  0.0540540540541              0.8   0.569670751935
query->1    75 2342       0.12660746 0  0.0533333333333              0.8   0.569670751935
query->1    76 2535       0.12660746 0  0.0526315789474              0.8   0.569670751935
query->1    77 2542       0.12660746 0  0.0519480519481              0.8   0.569670751935
query->1    78 2849       0.12660746 0  0.0512820512821              0.8   0.569670751935
query->1    79 3002       0.12660746 0  0.0506329113924              0.8   0.569670751935
query->1    80 1050       0.10307345 0             0.05              0.8   0.569670751935
query->1    81 1472       0.10203751 0  0.0493827160494              0.8   0.569670751935
query->1    82 1591      0.092191696 0  0.0487804878049              0.8   0.569670751935
query->1    83 2357       0.08926423 0  0.0481927710843              0.8   0.569670751935
query->1    84 2868       0.08926423 0   0.047619047619              0.8   0.569670751935
query->1    85 2920       0.08926423 0  0.0470588235294              0.8   0.569670751935
query->1    86 0018       0.08829741 0   0.046511627907              0.8   0.569670751935
query->1    87 0025       0.08829741 0  0.0459770114943              0.8   0.569670751935
query->1    88 0597       0.08829741 0  0.0454545454545              0.8   0.569670751935
query->1    89 0652       0.08829741 0  0.0449438202247              0.8   0.569670751935
query->1    90 1360       0.08829741 0  0.0444444444444              0.8   0.569670751935
query->1    91 1464       0.08746072 0   0.043956043956              0.8   0.569670751935
query->1    92 2311       0.08637957 0  0.0434782608696              0.8   0.569670751935
query->1    93 2407       0.08637957 0  0.0430107526882              0.8   0.569670751935
query->1    94 2345       0.08110635 0  0.0425531914894              0.8   0.569670751935
query->1    95 2583       0.07804462 0  0.0421052631579              0.8   0.569670751935
query->1    96 0238       0.07726023 0  0.0416666666667              0.8   0.569670751935
query->1    97 0651       0.07726023 0  0.0412371134021              0.8   0.569670751935
query->1    98 0795       0.07726023 0  0.0408163265306              0.8   0.569670751935
query->1    99 1912       0.07726023 0   0.040404040404              0.8   0.569670751935
query->1   100 2690       0.07726023 0             0.04              0.8   0.569670751935
